# This file may be used to create an environment using:
# $ conda create --name <env> --file <this file>
# platform: win-64
ca-certificates=2021.10.8=h5b45459_0
openssl=3.0.0=h8ffe710_2
pip=21.3.1=pyhd8ed1ab_0
python=3.8.12=h900ac77_2_cpython
python_abi=3.8=2_cp38
setuptools=60.5.0=py38haa244fe_0
sqlite=3.37.0=h8ffe710_0
ucrt=10.0.20348.0=h57928b3_0
vc=14.2=hb210afc_6
vs2015_runtime=14.29.30037=h902a5da_6
wheel=0.37.1=pyhd8ed1ab_0
